# Polar temperature through time, interpolated at 1my intervals, based on Scotese et al., ESR 2021
# time (Ma)   temperature (deg C)
0	-16.11
1	-17.28
2	-17.13
3	-15.24
4	-12.30
5	-14.04
6	-12.10
7	-12.36
8	-10.84
9	-11.01
10	-10.62
11	-10.18
12	-9.64
13	-9.03
14	-8.12
15	-6.60
16	-5.90
17	-6.44
18	-7.33
19	-7.81
20	-7.90
21	-7.29
22	-5.11
23	-8.13
24	-5.83
25	-3.59
26	-4.17
27	-6.67
28	-10.13
29	-8.73
30	-6.73
31	-8.51
32	-6.61
33	-7.76
34	-6.61
35	-3.05
36	-4.04
37	-2.12
38	-0.93
39	0.08
40	1.14
41	2.65
42	2.19
43	3.86
44	3.52
45	3.45
46	4.86
47	6.50
48	7.50
49	8.18
50	8.61
51	8.84
52	8.81
53	8.15
54	7.70
55	7.48
56	7.65
57	4.12
58	3.68
59	3.60
60	3.94
61	4.05
62	3.70
63	3.35
64	3.00
65	6.04
66	-11.51
67	-4.76
68	0.88
69	0.98
70	0.98
71	1.03
72	1.12
73	1.22
74	1.33
75	1.47
76	1.69
77	1.99
78	2.37
79	2.96
80	3.70
81	4.55
82	5.64
83	6.88
84	8.14
85	9.31
86	10.26
87	10.86
88	11.00
89	11.12
90	11.55
91	12.00
92	12.51
93	12.76
94	12.02
95	10.84
96	9.70
97	8.56
98	7.42
99	6.30
100	5.23
101	4.21
102	3.24
103	2.33
104	1.57
105	1.07
106	0.76
107	0.56
108	0.47
109	0.62
110	0.78
111	0.52
112	-1.34
113	-2.57
114	-2.85
115	-1.84
116	1.53
117	3.54
118	4.59
119	5.46
120	6.02
121	6.18
122	5.56
123	4.29
124	2.75
125	1.19
126	-0.12
127	-0.95
128	-1.42
129	-1.73
130	0.42
131	0.09
132	2.10
133	0.09
134	-2.08
135	-4.22
136	-3.30
137	-4.98
138	-4.68
139	-4.00
140	-3.25
141	-4.24
142	-5.20
143	-4.57
144	-4.61
145	-5.19
146	-3.74
147	-2.91
148	-2.39
149	-1.94
150	-1.50
151	-1.02
152	-0.46
153	0.23
154	1.01
155	1.81
156	2.55
157	3.17
158	1.95
159	-0.35
160	-2.16
161	-2.95
162	-2.67
163	-1.99
164	-0.40
165	1.49
166	2.85
167	3.83
168	4.27
169	3.42
170	2.03
171	1.68
172	2.28
173	3.46
174	4.86
175	6.22
176	7.22
177	7.49
178	7.32
179	6.80
180	4.87
181	2.41
182	0.80
183	-0.39
184	-1.21
185	-1.59
186	-1.33
187	-0.12
188	0.69
189	1.05
190	1.21
191	1.08
192	0.90
193	1.00
194	1.26
195	1.57
196	1.89
197	2.30
198	2.80
199	3.91
200	6.64
201	2.91
202	-0.46
203	-1.47
204	-0.22
205	1.42
206	2.77
207	4.35
208	5.90
209	7.08
210	7.91
211	8.66
212	9.09
213	8.05
214	8.57
215	9.01
216	8.54
217	7.91
218	7.29
219	6.68
220	5.94
221	5.04
222	4.60
223	4.68
224	4.94
225	5.32
226	5.83
227	6.37
228	6.88
229	7.37
230	7.69
231	7.63
232	7.18
233	6.67
234	5.76
235	5.59
236	6.08
237	6.80
238	7.57
239	8.37
240	9.25
241	10.21
242	11.18
243	12.07
244	12.46
245	12.42
246	12.50
247	13.27
248	14.49
249	15.23
250	15.55
251	14.93
252	11.64
253	6.34
254	-2.56
255	-3.34
256	-2.21
257	-1.59
258	-1.20
259	-1.40
260	-2.11
261	-4.54
262	-5.94
263	-7.18
264	-8.30
265	-8.82
266	-8.40
267	-8.20
268	-8.05
269	-8.01
270	-8.76
271	-10.11
272	-11.29
273	-12.35
274	-13.39
275	-14.39
276	-15.33
277	-16.19
278	-16.94
279	-17.55
280	-18.01
281	-18.28
282	-17.70
283	-16.24
284	-15.33
285	-15.49
286	-14.32
287	-14.30
288	-15.37
289	-16.68
290	-18.01
291	-19.33
292	-20.66
293	-22.07
294	-23.39
295	-24.43
296	-23.35
297	-20.91
298	-20.21
299	-20.60
300	-21.73
301	-21.85
302	-21.39
303	-20.72
304	-19.86
305	-19.17
306	-18.68
307	-18.39
308	-18.32
309	-18.44
310	-18.67
311	-18.96
312	-19.27
313	-19.67
314	-20.23
315	-21.50
316	-23.05
317	-24.00
318	-24.56
319	-24.59
320	-24.44
321	-21.72
322	-18.57
323	-15.49
324	-12.66
325	-10.32
326	-8.56
327	-7.00
328	-5.65
329	-4.82
330	-4.30
331	-3.99
332	-3.88
333	-3.89
334	-3.93
335	-3.98
336	-4.01
337	-3.99
338	-3.92
339	-3.84
340	-3.91
341	-4.32
342	-4.40
343	-3.95
344	-3.50
345	-3.12
346	-3.08
347	-3.01
348	-2.05
349	-2.26
350	-2.87
351	-0.01
352	2.70
353	3.54
354	4.29
355	4.58
356	3.98
357	3.07
358	2.36
359	1.74
360	1.21
361	0.81
362	0.68
363	0.83
364	1.24
365	1.87
366	2.74
367	4.58
368	6.47
369	7.25
370	7.55
371	7.50
372	7.38
373	7.37
374	7.15
375	6.39
376	4.76
377	1.89
378	-1.13
379	-3.82
380	-4.73
381	-3.40
382	-1.81
383	0.21
384	2.04
385	2.77
386	1.48
387	-1.54
388	-3.70
389	-3.70
390	-2.76
391	-2.28
392	-2.30
393	-4.41
394	-5.54
395	-6.32
396	-7.04
397	-7.77
398	-8.49
399	-9.21
400	-8.60
401	-2.15
402	0.53
403	2.06
404	2.24
405	1.36
406	-3.85
407	-7.23
408	-8.29
409	-6.29
410	-3.83
411	-1.59
412	0.45
413	1.75
414	1.79
415	1.13
416	-0.13
417	-1.05
418	-1.83
419	-2.54
420	-3.16
421	-3.86
422	-5.62
423	-6.35
424	-6.60
425	-6.57
426	-6.99
427	-8.01
428	-9.02
429	-9.90
430	-10.57
431	-10.22
432	-9.06
433	-7.58
434	-6.00
435	-4.61
436	-4.01
437	-4.43
438	-5.33
439	-7.25
440	-10.14
441	-13.68
442	-19.60
443	-27.22
444	-32.20
445	-33.50
446	-31.68
447	-27.18
448	-21.75
449	-17.06
450	-14.22
451	-13.38
452	-13.26
453	-13.43
454	-13.50
455	-13.27
456	-12.24
457	-10.94
458	-9.65
459	-8.49
460	-7.36
461	-6.31
462	-5.42
463	-4.87
464	-4.70
465	-4.96
466	-5.27
467	-5.60
468	-5.91
469	-5.87
470	-5.30
471	-4.38
472	-3.26
473	-2.38
474	-2.09
475	-1.85
476	-1.59
477	-1.34
478	-1.10
479	-0.84
480	0.26
481	1.79
482	2.46
483	3.04
484	3.53
485	3.99
486	4.51
487	5.65
488	6.60
489	5.84
490	5.74
491	5.93
492	6.26
493	6.45
494	6.28
495	5.27
496	4.20
497	3.32
498	3.51
499	5.27
500	5.36