# Unfiltered equatorial (tropical) temperature through time, from Scotese et al., ESR 2021
# time (Ma)   temperature (deg C)
0	26.35
1	25.76
2	25.82
3	26.35
4	27.35
5	26.32
6	26.20
7	27.28
8	27.35
9	26.96
10	26.95
11	26.94
12	26.92
13	26.91
14	27.10
15	28.32
16	27.84
17	27.22
18	26.79
19	26.71
20	26.48
21	26.41
22	27.82
23	25.92
24	27.33
25	27.61
26	27.04
27	26.27
28	24.45
29	25.12
30	25.49
31	24.34
32	25.23
33	24.48
34	25.89
35	26.30
36	25.71
37	26.41
38	26.81
39	27.32
40	27.83
41	27.40
42	29.41
43	28.63
44	28.46
45	28.44
46	29.09
47	29.68
48	30.26
49	30.80
50	31.09
51	31.43
52	31.07
53	30.89
54	30.11
55	30.15
56	31.00
57	28.70
58	28.07
59	28.00
60	28.28
61	28.43
62	28.19
63	27.56
64	27.78
65	29.85
66	21.44
67	26.70
68	26.82
69	26.83
70	26.86
71	26.89
72	26.93
73	26.96
74	27.04
75	27.13
76	27.23
77	27.35
78	27.48
79	27.66
80	27.84
81	28.17
82	28.76
83	29.50
84	30.27
85	31.02
86	31.85
87	32.55
88	32.87
89	33.10
90	33.33
91	33.67
92	34.08
93	34.23
94	33.53
95	32.73
96	32.13
97	31.48
98	30.85
99	30.18
100	29.56
101	29.04
102	28.59
103	28.14
104	27.76
105	27.52
106	27.32
107	27.15
108	27.09
109	27.19
110	27.36
111	27.30
112	26.50
113	25.90
114	25.90
115	26.51
116	27.32
117	29.13
118	30.02
119	30.82
120	31.32
121	31.23
122	30.75
123	30.19
124	29.54
125	28.82
126	28.01
127	27.43
128	26.85
129	27.15
130	28.01
131	29.04
132	28.97
133	27.90
134	27.04
135	26.35
136	25.72
137	25.55
138	25.79
139	26.31
140	26.24
141	25.84
142	25.34
143	25.62
144	25.63
145	25.19
146	26.08
147	26.22
148	26.40
149	26.58
150	26.80
151	27.00
152	27.22
153	27.47
154	27.89
155	28.37
156	28.85
157	28.88
158	28.06
159	27.34
160	26.43
161	26.01
162	26.11
163	26.55
164	27.43
165	28.13
166	29.00
167	29.53
168	29.74
169	29.27
170	28.72
171	28.39
172	28.53
173	29.28
174	29.95
175	30.70
176	31.31
177	31.60
178	31.52
179	31.16
180	30.09
181	28.81
182	27.91
183	27.14
184	26.29
185	26.05
186	26.46
187	27.11
188	27.48
189	27.72
190	27.61
191	27.22
192	27.23
193	27.38
194	27.57
195	27.76
196	27.97
197	28.17
198	28.63
199	30.21
200	30.45
201	28.30
202	27.11
203	26.65
204	27.05
205	27.86
206	28.73
207	29.42
208	30.05
209	30.65
210	31.20
211	31.78
212	32.09
213	31.31
214	31.97
215	32.26
216	31.68
217	31.10
218	30.63
219	30.12
220	29.46
221	29.01
222	28.89
223	28.95
224	29.18
225	29.42
226	29.63
227	29.94
228	30.29
229	30.63
230	30.76
231	30.68
232	30.31
233	29.83
234	29.58
235	29.54
236	29.88
237	30.33
238	30.79
239	31.23
240	31.67
241	32.43
242	33.22
243	33.96
244	34.30
245	34.36
246	34.37
247	34.71
248	36.10
249	37.69
250	38.99
251	35.76
252	35.84
253	29.98
254	26.73
255	26.67
256	27.31
257	27.81
258	28.29
259	28.21
260	27.74
261	27.08
262	26.44
263	26.02
264	25.83
265	25.95
266	26.06
267	26.18
268	26.30
269	26.33
270	26.08
271	25.64
272	25.37
273	25.18
274	25.03
275	24.87
276	24.83
277	24.77
278	24.68
279	24.68
280	24.63
281	24.13
282	24.05
283	24.34
284	24.54
285	24.57
286	24.85
287	24.97
288	24.87
289	24.73
290	24.55
291	24.38
292	24.15
293	23.85
294	23.54
295	23.73
296	24.59
297	25.28
298	25.48
299	25.42
300	25.06
301	24.84
302	24.79
303	24.83
304	24.82
305	24.77
306	24.82
307	24.81
308	24.74
309	24.66
310	24.54
311	24.45
312	24.28
313	24.07
314	23.82
315	23.33
316	22.95
317	22.61
318	22.44
319	22.51
320	22.93
321	23.08
322	23.49
323	23.98
324	24.34
325	24.64
326	25.18
327	25.61
328	25.96
329	26.22
330	26.34
331	26.49
332	26.54
333	26.53
334	26.56
335	26.61
336	26.56
337	26.55
338	26.53
339	26.49
340	26.38
341	26.19
342	26.17
343	26.62
344	26.65
345	26.69
346	26.67
347	26.66
348	26.76
349	27.23
350	27.18
351	28.48
352	29.31
353	29.93
354	30.46
355	30.63
356	30.27
357	29.66
358	29.03
359	28.94
360	29.45
361	29.72
362	29.86
363	29.84
364	29.81
365	30.02
366	30.30
367	31.09
368	31.59
369	31.79
370	31.60
371	31.39
372	31.09
373	30.85
374	30.58
375	30.22
376	29.50
377	28.24
378	26.84
379	25.53
380	25.04
381	25.56
382	26.51
383	27.66
384	28.57
385	28.37
386	27.49
387	26.14
388	25.42
389	25.54
390	26.18
391	26.56
392	26.00
393	25.32
394	24.93
395	24.68
396	24.51
397	24.19
398	23.86
399	24.11
400	25.26
401	27.30
402	28.68
403	29.56
404	29.43
405	28.52
406	26.84
407	25.96
408	26.07
409	27.34
410	28.57
411	29.22
412	30.06
413	30.75
414	30.55
415	29.95
416	29.46
417	29.20
418	29.03
419	28.90
420	28.66
421	27.84
422	27.59
423	27.46
424	27.47
425	27.42
426	27.01
427	26.44
428	25.76
429	25.03
430	24.82
431	25.19
432	26.06
433	26.55
434	26.98
435	27.22
436	27.41
437	27.44
438	27.21
439	26.46
440	25.37
441	24.79
442	23.71
443	22.82
444	22.71
445	23.61
446	23.25
447	23.72
448	24.52
449	24.66
450	24.28
451	24.55
452	24.51
453	24.24
454	24.33
455	24.54
456	24.78
457	25.07
458	25.47
459	25.89
460	26.28
461	26.65
462	26.99
463	26.97
464	26.87
465	26.55
466	26.03
467	25.96
468	26.03
469	26.11
470	26.20
471	26.35
472	26.78
473	26.95
474	27.03
475	27.03
476	27.02
477	27.06
478	27.12
479	27.18
480	27.40
481	27.56
482	27.74
483	27.95
484	28.10
485	28.27
486	28.56
487	30.05
488	28.80
489	28.89
490	29.07
491	29.25
492	29.35
493	29.39
494	29.03
495	28.17
496	27.81
497	27.80
498	28.73
499	28.98
500	28.87
501	28.93
502	28.94
503	28.72
504	28.85
505	29.68
506	29.53
507	29.21
508	29.04
509	29.21
510	30.50
511	29.67
512	28.42
513	28.40
514	28.29
515	29.71
516	29.99
517	29.53
518	29.08
519	29.02
520	29.24
521	30.13
522	31.16
523	30.87
524	30.24
525	30.17
526	30.51
527	28.66
528	28.69
529	29.15
530	30.20
531	30.55
532	29.87
533	30.30
534	31.22
535	31.25
536	30.70
537	30.77
538	31.75
539	32.67
540	33.05